1
36
-0.157814 1.77319 -0.851971
-1 0 0
0.999935 0.250065
-0.157814 -0.226807 -0.851971
-1 0 0
0.749978 0.250065
-0.157814 -0.226807 1.14803
-1 0 0
0.749978 0.500022
1.84219 1.77319 -0.851971
0 0 -1
0.250065 0.749978
1.84219 -0.226807 -0.851971
0 0 -1
0.500022 0.749978
-0.157814 -0.226807 -0.851971
0 0 -1
0.500022 0.500022
1.84219 1.77319 1.14803
1 0 0
0.999935 0.749978
1.84219 -0.226807 1.14803
1 0 0
0.749978 0.749978
1.84219 -0.226807 -0.851971
1 0 0
0.749978 0.999935
-0.157814 1.77319 1.14803
0 0 1
0.999935 0.500022
-0.157814 -0.226807 1.14803
0 0 1
0.749978 0.500022
1.84219 -0.226807 1.14803
0 0 1
0.749978 0.749978
-0.157814 -0.226807 -0.851971
0 -1 0
0.500022 0.500022
1.84219 -0.226807 -0.851971
0 -1 0
0.500022 0.749978
1.84219 -0.226807 1.14803
0 -1 0
0.749978 0.749978
1.84219 1.77319 -0.851971
0 1 0
0.250065 0.749978
-0.157814 1.77319 -0.851971
0 1 0
0.250065 0.500022
-0.157814 1.77319 1.14803
0 1 0
0.000108 0.500022
-0.157814 1.77319 1.14803
-1 0 0
0.999935 0.500022
-0.157814 1.77319 -0.851971
-1 0 0
0.999935 0.250065
-0.157814 -0.226807 1.14803
-1 0 0
0.749978 0.500022
-0.157814 1.77319 -0.851971
0 0 -1
0.250065 0.500022
1.84219 1.77319 -0.851971
0 0 -1
0.250065 0.749978
-0.157814 -0.226807 -0.851971
0 0 -1
0.500022 0.500022
1.84219 1.77319 -0.851971
1 0 0
0.999935 0.999935
1.84219 1.77319 1.14803
1 0 0
0.999935 0.749978
1.84219 -0.226807 -0.851971
1 0 0
0.749978 0.999935
1.84219 1.77319 1.14803
0 0 1
0.999935 0.749978
-0.157814 1.77319 1.14803
0 0 1
0.999935 0.500022
1.84219 -0.226807 1.14803
0 0 1
0.749978 0.749978
-0.157814 -0.226807 1.14803
0 -1 0
0.749978 0.500022
-0.157814 -0.226807 -0.851971
0 -1 0
0.500022 0.500022
1.84219 -0.226807 1.14803
0 -1 0
0.749978 0.749978
1.84219 1.77319 1.14803
0 1 0
0.000108 0.749978
1.84219 1.77319 -0.851971
0 1 0
0.250065 0.749978
-0.157814 1.77319 1.14803
0 1 0
0.000108 0.500022
36
0
1
2
3
4
5
6
7
8
9
10
11
12
13
14
15
16
17
18
19
20
21
22
23
24
25
26
27
28
29
30
31
32
33
34
35
1 1
cubemap-uv0120.png
cubemap-uv01Specular.png